0.000000
31.431541
11.241396
30.138353
37.154582
14.917375
31.224077
12.866253
-15.420873
7.888097
-10.560000
-30.856267
-4.404487
-14.398111
-8.284899
20.777375
-2.354394
2.873990
22.257782
-7.312822
-0.000000
7.312822
-22.257782
-2.873990
2.354394
-20.777375
8.284899
14.398111
4.404487
30.856267
10.560000
-7.888097
15.420873
-12.866253
-31.224077
-14.917375
-37.154582
-30.138353
-11.241396
-31.431541
-0.000000
31.431541
11.241396
30.138353
37.154582
14.917375
31.224077
12.866253
-15.420873
7.888097
-10.560000
-30.856267
-4.404487
-14.398111
-8.284899
20.777375
-2.354394
2.873990
22.257782
-7.312822
0.000000
7.312822
-22.257782
-2.873990
2.354394
-20.777375
8.284899
14.398111
4.404487
30.856267
10.560000
-7.888097
15.420873
-12.866253
-31.224077
-14.917375
-37.154582
-30.138353
-11.241396
-31.431541
-0.000000
31.431541
11.241396
30.138353
37.154582
14.917375
31.224077
12.866253
-15.420873
7.888097
-10.560000
-30.856267
-4.404487
-14.398111
-8.284899
20.777375
-2.354394
2.873990
22.257782
-7.312822
-0.000000
7.312822
-22.257782
-2.873990
2.354394
-20.777375
8.284899
14.398111
4.404487
30.856267
10.560000
-7.888097
15.420873
-12.866253
-31.224077
-14.917375
-37.154582
-30.138353
-11.241396
-31.431541
-0.000000
31.431541
11.241396
30.138353
37.154582
14.917375
31.224077
12.866253
-15.420873
7.888097
-10.560000
-30.856267
-4.404487
-14.398111
-8.284899
20.777375
-2.354394
2.873990
22.257782
-7.312822
-0.000000
7.312822
-22.257782
-2.873990
2.354394
-20.777375
8.284899
14.398111
4.404487
30.856267
10.560000
-7.888097
15.420873
-12.866253
-31.224077
-14.917375
-37.154582
-30.138353
-11.241396
-31.431541
-0.000000
31.431541
11.241396
30.138353
37.154582
14.917375
31.224077
12.866253
-15.420873
7.888097
-10.560000
-30.856267
-4.404487
-14.398111
-8.284899
20.777375
-2.354394
2.873990
22.257782
-7.312822
0.000000
7.312822
-22.257782
-2.873990
2.354394
-20.777375
8.284899
14.398111
4.404487
30.856267
10.560000
-7.888097
15.420873
-12.866253
-31.224077
-14.917375
-37.154582
-30.138353
-11.241396
-31.431541
-0.000000
31.431541
11.241396
30.138353
37.154582
14.917375
31.224077
12.866253
-15.420873
7.888097
-10.560000
-30.856267
-4.404487
-14.398111
-8.284899
20.777375
-2.354394
2.873990
22.257782
-7.312822
-0.000000
7.312822
-22.257782
-2.873990
2.354394
-20.777375
8.284899
14.398111
4.404487
30.856267
10.560000
-7.888097
15.420873
-12.866253
-31.224077
-14.917375
-37.154582
-30.138353
-11.241396
-31.431541
-0.000000
31.431541
11.241396
30.138353
37.154582
14.917375
31.224077
12.866253
-15.420873
7.888097
-10.560000
-30.856267
-4.404487
-14.398111
-8.284899
20.777375
-2.354394
2.873990
22.257782
-7.312822
-0.000000
7.312822
-22.257782
-2.873990
2.354394
-20.777375
8.284899
14.398111
4.404487
30.856267
10.560000
-7.888097
15.420873
-12.866253
-31.224077
-14.917375
-37.154582
-30.138353
-11.241396
-31.431541
-0.000000
31.431541
11.241396
30.138353
37.154582
14.917375
31.224077
12.866253
-15.420873
7.888097
-10.560000
-30.856267
-4.404487
-14.398111
-8.284899
20.777375
-2.354394
2.873990
22.257782
-7.312822
0.000000
7.312822
-22.257782
-2.873990
2.354394
-20.777375
8.284899
14.398111
4.404487
30.856267
10.560000
-7.888097
15.420873
-12.866253
-31.224077
-14.917375
-37.154582
-30.138353
-11.241396
-31.431541
-0.000000
31.431541
11.241396
30.138353
37.154582
14.917375
31.224077
12.866253
-15.420873
7.888097
-10.560000
-30.856267
-4.404487
-14.398111
-8.284899
20.777375
-2.354394
2.873990
22.257782
-7.312822
-0.000000
7.312822
-22.257782
-2.873990
2.354394
-20.777375
8.284899
14.398111
4.404487
30.856267
10.560000
-7.888097
15.420873
-12.866253
-31.224077
-14.917375
-37.154582
-30.138353
-11.241396
-31.431541
-0.000000
31.431541
11.241396
30.138353
37.154582
14.917375
31.224077
12.866253
-15.420873
7.888097
-10.560000
-30.856267
-4.404487
-14.398111
-8.284899
20.777375
-2.354394
2.873990
22.257782
-7.312822
-0.000000
7.312822
-22.257782
-2.873990
2.354394
-20.777375
8.284899
14.398111
4.404487
30.856267
10.560000
-7.888097
15.420873
-12.866253
-31.224077
-14.917375
-37.154582
-30.138353
-11.241396
-31.431541
