-0.101481
-0.137748
0.080059
-0.310129
-0.226003
0.119544
-0.191479
0.004366
-0.365416
0.184175
-0.467099
-0.654064
0.118179
-0.313739
-0.516604
-0.396761
-0.029887
-0.369475
-0.389511
-0.386395
-0.191535
0.179714
-0.005069
0.088386
-0.124173
-0.429050
-0.243144
-0.374634
-0.195878
-0.253943
-0.138052
-0.487005
-0.478012
0.064406
-0.098730
-0.161155
-0.426450
-0.402205
-0.219034
-0.358269
-0.344363
-0.397154
-0.019768
-0.264620
-0.258582
-0.201395
0.254519
-0.324117
-0.272189
-0.241729
-0.289361
-0.717947
-0.050215
-0.410257
-0.306472
-0.121980
-0.248158
-0.056595
0.273091
-0.225386
-0.393447
-0.286792
-0.318895
0.138312
-0.049888
-0.096507
-0.007989
0.135527
-0.064160
0.157575
-0.108735
0.040150
0.309149
-0.044120
-0.089090
-0.132909
0.019224
0.041586
-0.009086
-0.273098
-0.042859
-0.199239
-0.051957
-0.111768
-0.239957
-0.371488
-0.246570
0.291685
0.066625
-0.324605
-0.286699
-0.457277
-0.080848
0.145888
-0.245029
-0.097372
-0.030312
-0.403887
0.143071
0.495533
0.226657
-0.072980
-0.147409
0.162411
-0.038735
0.265367
0.191525
0.056185
-0.374382
-0.196390
-0.125648
-0.277165
-0.104671
0.057263
0.326331
-0.234432
-0.220540
-0.028695
0.594339
0.682241
0.577417
1.191670
1.271851
1.437563
1.617937
1.823227
1.839423
1.501635
0.837759
0.774901
0.255179
-0.326588
-0.162970
-0.221758
-0.299064
-0.016052
0.134310
-0.141366
-0.262514
0.070414
0.139268
-0.080110
-0.204882
0.207789
0.066744
0.251677
-0.325289
-0.373085
-0.139547
-0.248041
0.073902
0.022079
0.131217
-0.142968
-0.265194
-0.055455
0.108576
-0.126757
-0.480385
-0.294984
-0.355276
-0.011842
0.038778
-0.342376
-0.381999
0.389495
-0.152183
-0.552782
-0.173313
-0.153093
-0.351652
-0.150960
0.125246
-0.003850
-0.426168
0.271519
-0.397370
-0.139469
-0.059350
0.110823
-0.018824
0.121587
-0.356871
0.034143
-0.086140
0.066700
0.069555
0.495204
0.322369
-0.066948
0.307356
0.176416
0.206179
0.151753
-0.120139
0.165378
0.048216
-0.124398
0.243648
-0.197407
-0.088622
0.035080
-0.270440
-0.032372
0.001206
0.344755
0.354872
0.428473
0.072092
0.299609
0.422231
0.485178
0.069072
0.445340
0.514936
0.142272
0.465300
-0.075027
0.037415
0.579401
0.317593
0.382943
0.172718
0.410727
0.171674
0.008005
0.396144
-0.051253
-0.008491
-0.100134
0.319460
0.087061
-0.434554
-0.109117
0.010815
-0.156822
-0.034086
0.005893
0.071252
-0.306578
-0.177721
0.098072
-0.495722
-0.296149
-0.035988
0.068752
-0.119516
-0.426452
0.015644
-0.214062
-0.229134
-0.261327
-0.264125
-0.086003
-0.225088
-0.325201
-0.323697
-0.398224
-0.571171
-0.323190
0.038949
-0.039908
-0.349987
-0.232747
0.060853
-0.106974
-0.065848
-0.207774
-0.063717
-0.135661
-0.075089
-0.193384
-0.384649
-0.095772
-0.348027
-0.219105
0.108458
-0.211172
0.157634
0.033758
0.003031
-0.133843
-0.337612
0.165180
-0.249423
-0.112397
-0.297908
-0.200127
-0.249081
-0.015801
-0.104115
-0.161653
-0.155227
-0.127234
-0.407068
-0.053078
0.008890
-0.217045
0.197268
-0.258810
-0.057236
-0.220357
-0.047039
-0.026500
-0.386629
-0.617643
-0.354877
-0.281154
-0.296841
-0.349881
-0.559688
-0.387496
-0.167420
-0.390248
-0.383258
-0.623345
-0.020368
-0.422744
-0.422568
-0.199157
-0.563373
-0.160115
-0.248744
-0.349126
-0.395664
-0.466192
-0.682948
-0.207633
0.166682
-0.042461
-0.562787
-0.428799
-0.524052
-0.410547
-0.217832
-0.280165
0.124785
0.397342
0.734734
0.984708
1.020751
1.341226
1.022830
1.472046
1.316514
0.673942
0.795454
0.160719
-0.347821
-0.061569
-0.249544
-0.026440
-0.686055
-0.304394
-0.263919
0.018574
-0.476659
-0.613515
-0.360686
-0.438856
-0.281232
-0.468918
-0.275951
-0.339395
-0.046536
-0.348120
-0.452018
-0.142481
-0.449216
-0.458908
-0.304996
-0.199686
-0.353029
-0.410320
-0.175758
-0.734504
-0.545983
-0.290294
-0.237953
-0.217430
-0.342333
-0.923278
-0.313912
-0.208755
-0.360140
-0.282678
-0.461304
-0.537709
-0.183801
-0.671132
-0.303275
-0.343126
-0.280505
-0.439622
-0.180766
-0.612402
-0.299949
-0.135346
-0.019677
-0.322033
-0.336943
-0.276754
-0.565217
-0.223776
-0.008498
0.118319
0.138899
-0.237331
-0.129025
0.165937
-0.155975
0.030279
-0.321846
0.191458
0.002477
-0.250015
0.399556
0.199898
-0.245667
-0.203842
-0.072449
0.119674
-0.016506
0.135576
-0.340222
0.043090
0.110739
0.066232
0.121079
0.136211
0.120708
-0.095261
0.183632
0.095569
0.048862
-0.335128
-0.132291
-0.298423
-0.399473
-0.100971
0.056814
-0.041375
0.155925
-0.429576
-0.435504
-0.609366
-0.407288
-0.504796
-0.585638
-0.083644
-0.420647
-0.431865
-0.237921
-0.217833
-0.229437
-0.172238
-0.465627
-0.403815
-0.602252
-0.778157
-0.338334
-0.486424
-0.470808
-0.571911
-0.533451
-0.503690
-0.284406
-0.398781
-0.773936
-0.299810
-0.342816
-0.275954
0.175775
-0.038428
-0.262522
-0.283786
-0.462025
-0.642945
-0.389251
-0.602035
-0.267655
-0.188026
-0.466548
-0.245124
-0.533880
-0.575928
-0.656596
-0.590556
-0.777565
-0.432328
-0.055540
-0.366583
-0.299312
-0.614363
-0.136994
-0.089133
-0.257561
-0.203514
-0.418782
-0.359923
-0.369626
-0.500257
-0.079020
-0.426123
-0.247662
0.000061
-0.290309
-0.282028
-0.130116
-0.188520
-0.204054
-0.425016
-0.353916
-0.199917
-0.200472
-0.415185
-0.318944
-0.465956
-0.630776
-0.797391
-0.502156
-0.842836
-0.244641
-0.463293
-0.962074
-0.803091
-0.986633
-0.581629
-0.596046
-0.819508
-0.638861
-0.698502
-0.944780
-0.548211
-1.015262
-0.786972
-0.589467
-0.395220
-0.466989
-0.914216
-0.482774
-0.350025
-0.249427
0.083919
-0.210934
0.355913
0.397643
0.106842
1.022414
1.127278
1.331411
1.687482
1.854051
1.313472
1.296908
0.479338
0.306573
-0.084094
-0.414625
-0.434255
-0.428616
-0.529475
-0.648898
-0.789539
-1.004188
-0.445208
-0.558464
-0.629951
-0.566323
-0.503287
-0.617851
-0.903478
-0.802286
-0.897253
-1.101001
-0.534764
-0.755027
-0.864953
-1.065425
-0.761484
-0.846933
-0.883984
-0.962512
-0.686432
-0.666608
-0.792731
-1.033676
-1.121718
-0.557192
-0.918704
-0.856518
-0.562057
-0.749423
-0.986444
-0.425342
-1.026953
-0.601316
-0.913270
-0.519075
-1.079359
-0.857699
-0.384827
-0.490623
-0.691338
-0.701572
-0.985477
-0.650582
-0.488665
-0.694980
-0.594936
-0.752054
-0.539984
-0.569585
-0.764809
-0.724133
-0.518150
-0.615973
-0.954259
-0.536569
-0.674294
-0.449764
-0.770583
-0.905570
-0.477749
-0.642946
-0.658486
-0.625442
-0.421224
-0.551184
-0.576722
-0.704748
-0.225496
-0.188384
-0.398906
-0.110725
-0.389313
0.126358
-0.825321
-0.032962
-0.108798
-0.443567
-0.180197
-0.505171
-0.204983
-0.444216
-0.318665
-0.475295
-0.668469
-0.371853
-0.666968
-0.177898
-0.659959
-0.587768
-0.247222
-0.463413
-0.410344
-0.848780
-0.600364
-1.071167
-1.151839
-0.641504
-0.603725
-0.777729
-0.372209
-0.943804
-0.673087
-0.915209
-0.669348
-0.436204
-0.512126
-0.701988
-0.379090
-0.913194
-0.787214
-0.783935
-0.712712
-0.669444
-0.653061
-0.898151
-0.440935
-0.775822
-0.484557
-0.560307
-0.625660
-0.518512
-0.464594
-0.533096
-0.639576
-0.310121
-0.436646
-0.363311
-0.391602
-0.404213
-0.509008
-0.210924
-0.594742
-0.843800
-0.500043
-0.417715
-0.092186
-0.765307
-0.444503
-0.560032
-0.644501
-0.734666
-0.508420
-0.639626
-0.534988
-0.377607
-0.324634
-0.571671
-0.512286
-0.776241
-0.595797
-0.843706
-0.179211
-0.663093
-0.769359
-0.625643
-0.725823
-0.740399
-0.802557
-0.600527
-0.859714
-0.531618
-0.892214
-0.619935
-0.683346
-0.599347
-0.640063
-0.719151
-0.297641
-0.673444
-0.592483
-0.302852
-0.561414
-0.933880
-0.722590
-0.718142
-0.508582
-0.180225
-0.320908
-0.198333
-0.171913
0.343558
0.245649
0.686140
0.978722
1.267287
1.049038
0.576601
0.283438
0.082965
-0.197459
-0.729195
-0.526990
-0.582717
-0.503689
-0.761742
-0.606507
-0.655277
-0.900206
-0.929438
-0.486427
-0.825135
-1.132416
-0.925658
-0.710000
-0.756242
-0.748126
-0.585204
-0.457611
-0.353036
-0.687019
-0.820598
-0.560548
-0.600502
-0.855920
-0.819364
-0.637447
-0.578169
-0.758706
-0.983029
-0.752721
-0.470883
-0.584789
-0.577788
-0.359402
-0.789587
-0.376350
-0.618595
-0.570082
-0.619150
-0.697499
-0.494981
-0.891907
-0.596490
-0.384042
-0.739466
-0.584140
-0.685622
-0.291470
-0.858782
-0.450593
-0.532402
-0.318398
-0.368122
-0.247568
-0.412734
-0.134211
-0.900585
-0.472545
-0.225464
-0.403494
-0.281616
-0.610254
-0.434939
-0.413217
-0.302150
-0.243482
-0.069444
-0.013259
-0.199757
-0.207640
-0.437525
-0.097596
-0.180516
-0.466526
-0.414182
-0.113061
-0.064059
-0.367208
-0.236027
-0.197911
-0.102416
-0.152099
-0.060431
-0.304292
-0.271367
-0.329212
-0.186700
-0.394161
-0.261055
-0.514710
0.016015
-0.399292
-0.622926
-0.269007
-0.157747
-0.518025
-0.488746
-0.132172
-0.768091
-0.409509
-0.336863
-0.554629
-0.350731
-0.664805
-0.332159
-0.513553
-0.487144
-0.432178
-0.518298
-0.857489
-0.601404
-0.804787
-0.732075
-0.832777
-0.226104
-0.672868
-0.278835
-0.326238
-0.623367
-0.465927
-0.418724
-0.680197
-0.664234
-0.431462
-0.904001
-0.373997
-0.543523
-0.474135
-0.328720
-0.344835
-0.529041
-0.407028
-0.270458
-0.420081
-0.503060
-0.667617
-0.676874
-0.653751
-0.154509
-0.031366
-0.592081
-0.124889
-0.350127
-0.083665
-0.217566
-0.518365
-0.106617
-0.222125
-0.008414
-0.146985
-0.883134
-0.746435
-0.530750
-0.578247
-0.471298
-0.506025
-0.500133
-0.584528
-0.555736
-0.293180
-0.722742
-0.345419
-0.174077
-0.380136
-0.698199
-0.718192
-0.545835
-0.550937
-0.409284
-0.566313
-0.912595
-0.956416
-0.825130
-0.875187
-0.574968
-0.620771
-0.756883
-0.597411
-0.340635
-0.733855
-0.547891
-0.460747
-0.230860
-0.197828
0.057134
-0.047572
0.352801
0.932887
1.197208
1.188607
0.985351
1.176515
0.787643
0.378294
0.262220
-0.007597
-0.709716
-0.362866
-0.751877
-0.630216
-0.658281
-0.357802
-0.539321
-0.510030
-0.127783
-0.453252
-0.697842
-1.004601
-0.660554
-0.875013
-1.048265
-0.894603
-0.843632
-0.848013
-0.877476
-0.653365
-0.697496
-1.234330
-0.991239
-0.558525
-0.977411
-1.116612
-0.695677
-1.058094
-0.447400
-0.907461
-0.777364
-0.996081
-0.589108
-0.770739
-0.452222
-1.091189
-0.581045
-0.501483
-0.696076
-0.729206
-0.414024
-0.251569
-0.769634
-0.691317
-0.451859
-0.556163
-0.613754
-0.319729
-0.321232
-0.489483
-0.312722
-0.263354
-0.345574
-0.316699
-0.480912
-0.677163
-0.473817
-0.358445
-0.318965
-0.409466
-0.221402
0.110541
0.466302
-0.352565
-0.390119
-0.126942
-0.188814
0.075156
-0.333962
0.040477
-0.013494
-0.050049
0.069324
0.433440
0.013683
0.246863
0.135444
0.204995
0.200599
0.502065
0.342797
0.049177
-0.099461
-0.116483
-0.020358
0.029848
-0.111313
0.005796
-0.019893
0.063718
-0.266958
-0.496883
-0.126790
-0.119267
-0.173864
-0.212962
-0.464479
-0.523031
-0.456533
-0.503199
-0.297858
-0.587408
-0.230931
-0.138114
-0.368246
-0.744523
-0.225415
-0.577639
-0.151698
-0.424621
-0.580594
-0.302212
-0.340084
-0.607407
-0.683881
-0.330628
-0.307320
-0.250617
-0.551590
-0.286237
-0.548283
-0.549625
-0.365951
-0.694830
-0.321189
-0.665508
-0.261314
-0.658963
-0.513909
-0.846283
-0.574159
-0.419371
-0.318579
-0.108049
-0.552779
-0.014889
-0.469548
-0.692304
-0.372899
-0.345481
-0.887839
-0.653116
-0.488026
-0.739757
-0.692437
-0.433858
-0.899525
-0.848553
-0.855023
-0.574257
-0.574183
-0.257647
-0.735798
-0.795395
-0.748711
-0.766674
-1.048287
-1.144806
-0.773908
-0.913426
-0.834914
-0.418150
-0.685031
-0.360576
-0.322631
-0.671311
-0.704335
-0.473138
-0.571766
-0.586524
-0.321936
-0.284650
-0.421496
-0.157056
-0.061683
0.459305
0.577757
0.734249
0.925487
1.241334
1.508265
1.567941
1.288253
0.654828
-0.116390
-0.105406
-0.068531
0.189585
-0.130102
0.177530
-0.174336
-0.139307
-0.153421
-0.247351
-0.141589
-0.363684
-0.124364
-0.507457
-0.617403
-0.399810
-0.175183
-0.351572
-0.161760
-0.463405
-0.310532
-0.182659
-0.329283
-0.447301
-0.320020
-0.442984
-0.706139
-0.298121
-0.303799
-0.677423
-0.658195
-0.636082
-0.613001
-0.537166
-0.423984
-0.425903
-0.741420
-0.572490
-0.825829
-0.689952
-0.762663
-0.354490
-0.399474
-0.721083
-0.360925
-0.500591
-0.636478
-0.284083
-0.704904
-0.877593
-0.546172
-0.615330
-0.684223
-0.547955
-0.730188
-0.758652
-0.706645
-0.299592
-0.075390
-0.379151
-0.128615
-0.490483
-0.463113
-0.297873
-0.659784
-0.172082
-0.309351
-0.340635
-0.128683
-0.118757
-0.328224
-0.225800
-0.291308
-0.233657
-0.425779
-0.283781
-0.129750
-0.359636
-0.659510
-0.627067
-0.301120
-0.424045
-0.267216
-0.364232
-0.814591
-0.438530
-0.329659
-0.557815
-0.470464
-0.662252
-0.662124
-0.595134
-1.057114
-0.796915
-0.504577
-0.635194
-0.707609
-0.781516
-0.869959
-0.393248
-0.729337
-0.545304
-0.214365
-0.287925
-0.823875
-0.461786
-0.213057
-0.240026
-0.467254
-0.528428
-0.503297
-0.477684
-0.093846
-0.382723
-0.193956
-0.107976
-0.222098
-0.568829
-0.046473
-0.508129
-0.130644
-0.326973
-0.038466
-0.315411
-0.030051
0.029081
-0.461466
0.269567
-0.031457
-0.056499
-0.137888
0.200036
-0.306526
0.043746
-0.285883
-0.046140
0.038100
-0.276807
-0.152032
-0.414857
-0.254805
-0.316079
-0.390259
-0.330893
-0.402983
-0.768014
-0.607622
-0.480730
-0.433678
-0.209559
-0.767167
-0.274648
-0.774384
-0.348042
-0.269819
-0.357412
-0.480216
-0.628699
-0.533785
-0.267471
-0.188797
-0.422250
-0.685525
-0.360062
-0.577140
-0.539031
-0.335818
-0.441168
-0.833363
-0.845158
-0.376489
-1.155765
-0.500658
-0.701682
-0.325775
0.058930
-0.124765
0.328162
0.633961
0.672357
0.852000
1.006063
1.179196
1.185053
1.621039
1.262949
0.632943
0.205423
-0.568794
-0.427340
-0.410143
-0.587914
-0.649268
-0.364158
-0.395996
-0.772886
-0.418302
-0.595614
-0.492502
-0.654813
-0.451285
-0.549155
-0.793819
-0.449103
-0.582217
-0.852838
-0.383290
-0.899863
-0.357528
-0.399516
-0.466399
-0.678226
-0.190100
-0.907926
-0.290781
-0.778077
-0.098573
-0.563475
-0.401007
-0.617132
-0.514027
-0.684068
-0.247701
-0.152301
-0.355092
0.046167
-0.623901
-0.690357
-0.320032
-0.528366
-0.178524
-0.138058
0.109468
-0.445607
-0.563702
-0.536917
-0.030373
0.004572
-0.384022
-0.093238
-0.343311
-0.197029
-0.540982
-0.393387
-0.403414
-0.529585
-0.336243
-0.496569
-0.325710
-0.586105
-0.516967
-0.720199
-0.281153
-0.604564
-0.149179
0.014468
-0.462669
-0.682625
-0.667377
-0.364555
-0.235409
-0.410570
-0.166470
-0.135567
-0.420873
-0.548453
-0.158087
-0.178224
-0.597825
-0.242033
-0.394667
-0.289711
-0.460330
-0.483311
-0.113421
-0.338170
-0.382955
-0.313975
-0.371737
-0.415548
-0.315421
-0.326212
-0.315972
-0.501555
-0.373923
-0.099531
-0.563359
0.101714
-0.608684
-0.723397
-0.077426
-0.601515
-0.597350
-0.330561
-0.400555
-0.355278
-0.470186
-0.440916
-0.114443
-0.377695
-0.281776
-0.434167
0.101523
-0.419806
-0.226792
-0.187064
-0.506741
-0.086787
-0.490695
-0.280050
-0.172527
-0.201457
-0.509684
0.370994
0.256173
-0.028661
-0.133816
-0.545304
-0.128369
0.054746
0.253138
-0.426905
-0.113784
0.154647
-0.264945
-0.032985
-0.010312
-0.263864
-0.094782
-0.141630
-0.349049
0.075304
-0.262813
-0.197838
-0.216137
-0.320854
-0.386999
0.172021
-0.260373
-0.329027
-0.219947
-0.549489
-0.236754
-0.629167
-0.290835
-0.391677
-0.209354
-0.052440
-0.168712
0.207241
-0.086157
-0.634189
-0.268125
0.286905
-0.102009
-0.162768
0.200891
-0.250484
-0.314466
0.550356
0.561786
0.437214
0.279994
0.922416
1.178228
1.059842
1.730753
1.161742
1.272778
1.255119
0.391277
0.554950
0.114258
0.016811
0.080521
-0.339548
-0.323810
-0.211598
-0.212927
-0.157777
-0.274275
-0.417117
-0.388103
-0.373362
-0.199575
-0.118517
-0.388722
-0.235558
-0.246809
-0.471621
-0.606950
-0.437593
-0.454188
-0.297643
-0.263447
-0.226053
-0.305095
-0.132705
-0.399584
-0.105176
-0.293051
-0.444653
-0.015895
-0.205009
-0.136934
0.063747
-0.062285
0.084797
0.311149
0.327380
-0.005872
0.366747
0.403872
0.658445
0.284478
0.590925
0.275168
0.329427
0.606415
0.731878
0.483213
0.344920
0.130086
0.311908
0.021098
0.179341
0.105035
0.159361
0.192994
0.368777
0.617813
0.286250
0.576260
0.294759
-0.005434
0.188752
-0.200684
-0.430872
0.080467
0.250980
0.104282
-0.172781
-0.006999
0.177097
0.397231
-0.008356
0.226244
-0.052103
-0.168320
0.125131
-0.302486
0.154434
0.034305
0.264124
0.032139
0.020788
0.157381
-0.477089
0.073193
-0.115548
-0.483707
0.010678
0.215149
-0.186200
-0.364039
0.013647
-0.388654
-0.000375
-0.306430
-0.186624
-0.165860
-0.607153
-0.096177
-0.405068
-0.280465
-0.338734
-0.437524
-0.386189
-0.372865
-0.123964
-0.469884
-0.372591
-0.501906
-0.490370
-0.113820
-0.274705
-0.388035
-0.432164
-0.345153
-0.507112
-0.348685
-0.436715
-0.458127
-0.282353
-0.418813
0.046844
-0.292411
-0.146442
0.084230
-0.181199
0.010042
-0.474345
-0.228864
-0.266499
-0.577774
-0.229463
-0.510665
-0.270199
-0.098459
-0.125583
-0.264106
-0.178487
0.051329
-0.130604
-0.284141
-0.252363
-0.293157
0.027038
-0.322948
-0.357272
-0.280356
-0.405043
-0.205103
-0.090149
-0.560169
-0.401069
-0.652463
-0.289861
-0.352049
-0.552310
-0.570867
-0.287245
-0.592058
-0.298232
-0.556076
-0.821109
-0.610037
-0.620848
-0.588324
-0.321520
-0.610747
-0.791165
-0.589129
-0.315103
-0.810099
-0.574281
-0.629087
-0.200978
-0.433695
-0.205855
0.090596
-0.306000
0.244725
0.707170
0.552462
0.770004
1.245746
1.467948
1.202781
1.007085
0.658167
-0.120329
-0.452913
-0.554371
-0.461572
-0.279364
-0.028760
-0.117654
-0.274795
-0.904833
-0.573234
-0.005536
-0.595257
-0.447892
-0.741729
-0.571539
-0.341341
-0.332568
-0.645554
0.093062
-0.521069
-0.605688
-0.728726
-0.293786
-0.172487
-0.206542
-0.263244
-0.651141
-0.167280
-0.197951
-0.378544
-0.026576
-0.183879
-0.552988
-0.647951
-0.883068
-0.569131
-0.526642
-0.358907
-0.592117
-0.535605
-0.484984
-0.357959
-0.356712
-0.650273
-0.372143
-0.445324
-0.173987
-0.233794
-0.248637
-0.469833
-0.570074
-0.370908
-0.393314
-0.311779
-0.374875
-0.492443
-0.591501
-0.359246
-0.310986
-0.277503
-0.075763
-0.522449
-0.426573
-0.128350
-0.048616
-0.164784
-0.595488
0.079329
-0.449636
-0.327190
-0.174862
-0.236019
-0.353675
-0.300355
-0.270397
-0.105419
-0.269006
-0.189575
-0.254644
0.086878
-0.403923
-0.427809
-0.072043
0.001622
-0.012504
0.035991
-0.271578
-0.271165
-0.465611
-0.217527
-0.319308
-0.350522
-0.524963
-0.604989
-0.621226
-0.654885
-0.519470
-0.365403
-0.463928
-0.445790
-0.512585
-0.819779
-0.642168
-0.628797
-0.514536
-0.459297
-0.552531
-0.527790
-0.336378
-0.445160
-0.535022
-0.680915
-0.889313
-0.900361
-0.576312
-0.524375
-0.697884
-0.939768
-0.955419
-0.448123
-0.338482
-0.817696
-0.333420
-0.484805
-0.412530
-0.382470
-0.450513
-0.751583
-0.359657
-0.490744
-0.489118
-0.749905
-0.420534
-0.723434
-0.170153
-0.816451
-0.353717
-0.608933
-0.803798
-0.421381
-0.443039
-0.459473
-0.808791
-0.361483
-0.715110
-0.787000
-1.078782
-0.850129
-0.721327
-0.828151
-0.865409
-0.363510
-0.995968
-0.623253
-0.548350
-0.743408
-0.831758
-0.631155
-0.750802
-0.713645
-0.479846
-0.839502
-0.863227
-0.856007
-0.982372
-1.042076
-0.853335
-0.634869
-0.412797
-0.672857
-0.721167
-0.976949
-0.458995
-0.935608
-0.638176
-1.029008
-0.710447
-0.610004
-0.628198
-0.676204
-0.121973
0.199183
0.584951
0.300672
0.778277
1.003164
0.702563
0.268542
-0.195710
-0.474790
-0.820590
-0.685790
-0.663431
-0.824471
-0.909368
-1.170117
-0.881318
-0.547789
-0.548727
-0.650005
-0.457448
-0.885761
-0.713989
-0.866516
-0.523906
-0.893646
-1.151645
-1.057404
-0.934570
-0.700745
-1.063631
-0.955447
-0.833343
-1.145322
-1.123031
-0.823007
-0.988839
-0.754093
-0.974686
-0.942715
-1.119681
-1.006266
-0.921964
-0.785348
-1.011785
-1.160122
-0.808911
-0.816733
-1.010516
-1.071453
-0.729177
-0.671733
-1.195374
-1.385310
-0.801781
-1.016664
-0.907877
-0.871641
-0.916972
-1.218745
-0.456330
-0.498256
-0.707254
-0.805931
-0.911023
-0.851089
-0.400809
-0.673620
-0.708560
-0.748098
-0.873662
-1.083541
-1.006689
-0.570189
-0.435987
-0.994727
-0.601954
-0.578935
-0.319343
-0.536433
-0.450239
-0.571932
-0.351483
-0.629482
-0.909905
-0.600579
-0.501422
-0.881096
-0.525263
-0.939388
-0.523813
-0.540278
-0.619272
-0.933768
-0.825895
-0.682811
-0.384773
-0.340342
-0.773811
-0.379547
-0.524984
-0.488598
-0.824567
-0.490969
-0.653370
-0.532532
-0.896370
-0.409328
-0.428119
-0.630830
-0.597864
-1.061135
-0.767225
-0.749717
-0.559965
-0.703098
-1.003587
-0.736594
-0.684724
-0.913753
-1.019385
-1.029566
-0.836463
-0.951971
-0.662107
-1.200525
-1.002128
-0.963543
-0.918064
-0.803834
-0.918886
-1.234823
-0.963229
-1.040545
-0.854236
-0.392154
-1.046541
-0.805424
-1.011450
-0.532190
-0.469197
-0.824248
-0.775505
-0.630662
-1.218503
-0.801534
-1.140858
-1.056196
-0.788211
-1.032982
-0.857759
-1.015090
-0.800728
-1.119163
-0.580032
-1.031243
-0.981274
-0.718639
-0.393044
-1.009820
-0.978444
-1.050269
-0.719048
-0.766608
-1.017838
-1.033199
-0.994723
-0.981300
-0.821895
-0.799091
-1.055503
-0.919829
-0.736214
-0.912522
-0.752334
-0.840068
-0.605276
-1.011347
-0.997755
-0.977359
-0.871719
-0.753450
-0.778434
-0.698180
-0.195866
-0.475378
-0.133491
0.007195
0.339966
0.805441
0.903795
0.242862
0.405504
0.309766
-0.741564
-0.927183
-0.874444
-1.185883
-1.049642
-0.871916
-0.568725
-0.518945
-1.232254
-0.872962
-0.748866
-0.870113
-1.222019
-0.886724
-1.023572
-0.777729
-1.181571
-1.229341
-0.914695
-1.114127
-1.144493
-1.294659
-1.429795
-0.791735
-1.178944
-1.031003
-1.016194
-0.823762
-0.771591
-1.037180
-0.669541
-1.110371
-1.004577
-0.800519
-1.001719
-0.831761
-1.054537
-0.829814
-1.022613
-0.879153
-0.871436
-0.915240
-0.667919
-0.866639
-0.816054
-0.836867
-1.029144
-0.601487
-0.867854
-0.504332
-0.570821
-0.521323
-1.052835
-1.020418
-0.832618
-0.980224
-1.151676
-0.677567
-0.791128
-1.097282
-0.526163
-1.246080
-0.838629
-1.112764
-0.898664
-0.913564
-0.646560
-1.002678
-1.238468
-0.639065
-0.875133
-0.849368
-0.937412
-0.883292
-0.470059
-0.731851
-0.689594
-0.578133
-0.854280
-0.579726
-0.714384
-0.556418
-0.441291
-0.390135
-0.341263
-0.990270
-0.634320
-0.305371
-0.540125
-0.526565
-0.688541
-0.795166
-0.798737
-0.503742
-0.460472
-0.655425
-0.606030
-0.548078
-0.444992
-0.600942
-0.981557
-0.575278
-0.877021
-0.396430
-0.787469
-0.446967
-0.489791
-0.557067
-0.762992
-0.901898
-0.997028
-0.974616
-0.785592
-0.586379
-0.979660
-0.703191
-0.999965
-0.174081
-1.206335
-0.674318
-0.743174
-0.105220
-0.683976
-0.274443
-0.662440
-0.434055
-0.225345
-0.569955
-0.594042
-0.264838
-0.491728
-0.320564
-0.044210
-0.726375
-0.471835
-0.793811
-0.556691
-0.352232
-0.215890
0.006821
-0.207988
-0.359012
-0.489833
-0.630976
-0.347105
-0.435380
-0.594616
-0.618309
-0.129318
-0.533418
-0.442855
-0.511732
-0.853510
-0.508513
-0.808149
-0.701132
-0.748354
-0.950495
-0.505334
-0.433053
-0.273671
-0.893650
-0.568203
-0.875237
-0.915609
-0.466492
-0.290181
-0.745786
-0.732767
-0.423988
-0.548669
-0.667083
-0.518984
-0.593884
-0.238620
-0.120361
0.039433
0.201230
0.415332
0.792172
1.140129
0.909680
1.025624
0.711640
0.724485
0.291254
-0.147560
-0.123396
-0.868516
-0.671056
-0.530075
-0.566490
-0.442941
-0.625853
-0.442743
-0.481074
-0.649535
-0.451304
-0.519400
-0.654471
-0.441975
-0.667056
-0.202902
-0.550535
-0.353565
-0.490874
-0.363588
-0.395221
-0.180820
-0.273306
-0.431325
-0.239644
-0.578505
-0.540005
-0.335604
0.005575
-0.283791
-0.350311
-0.128023
-0.344401
-0.157811
-0.205164
-0.386098
-0.273332
-0.334454
-0.550141
-0.466737
-0.337220
-0.364775
-0.415159
-0.142829
-0.492146
-0.249908
-0.045992
0.006527
-0.051123
-0.345118
-0.307717
0.498516
-0.314380
0.160154
-0.254180
-0.094765
-0.014531
-0.236782
0.095341
-0.074866
0.333495
-0.092791
-0.078667
-0.102140
-0.182058
0.142757
0.057808
0.173231
0.217872
0.333918
-0.156186
-0.108664
-0.005984
-0.079399
-0.206973
-0.014589
0.178826
0.013836
0.081507
0.085340
0.107777
0.124035
0.287170
-0.067845
0.111646
0.249781
-0.072758
-0.280200
0.251726
-0.268394
-0.033632
-0.061722
-0.317561
-0.324425
-0.305959
-0.255484
-0.330118
-0.106171
-0.194059
-0.265732
-0.295661
-0.358362
-0.255656
-0.052411
-0.354981
-0.479781
-0.307556
-0.363229
-0.135835
-0.566191
-0.190733
0.011430
-0.207863
-0.042703
-0.047330
-0.139011
0.061767
-0.171705
0.130169
-0.240997
-0.122090
0.015854
0.084398
-0.157135
-0.118779
0.319705
-0.234281
-0.306739
0.016505
-0.201736
-0.050203
-0.088475
0.215852
0.025734
0.350819
0.244544
0.262043
0.063566
-0.014891
-0.066627
-0.369281
-0.361350
-0.031265
-0.291474
-0.092806
-0.372836
-0.419991
-0.633024
-0.274978
-0.612464
-0.070867
-0.201896
-0.247263
-0.206138
-0.629679
-0.389963
-0.236183
-0.198427
-0.126743
-0.334525
-0.142520
-0.444150
-0.424305
-0.452040
-0.352700
-0.303266
-0.215323
-0.069979
0.203957
0.041887
0.166836
0.963197
1.191100
1.620576
1.464792
1.308639
1.441452
1.481416
0.847507
0.458702
0.120057
-0.151742
0.062959
-0.122278
0.019158
0.151909
0.181991
-0.253233
0.004033
-0.068516
0.123780
-0.337075
-0.030122
-0.087257
-0.028976
-0.234466
-0.160994
0.284534
-0.179719
-0.128685
-0.149702
-0.186817
-0.183855
-0.111021
-0.021100
-0.015852
-0.067353
0.066094
0.273630
0.099902
0.144884
-0.290852
0.088281
0.161978
0.341416
0.377882
-0.032491
-0.227468
-0.050512
0.125502
0.087698
-0.262968
0.254612
0.421847
0.202055
0.235899
0.443637
0.247605
0.256530
0.286516
0.142102
0.199041
0.375436
0.522273
0.200218
0.046993
0.053025
0.408896
0.033786
0.310654
0.259520
0.267248
0.368233
0.570289
0.425404
0.608059
0.231550
0.055228
0.284012
0.553285
0.437652
0.335707
0.515853
0.206404
0.573551
0.581965
0.485396
0.146543
0.825119
0.496781
0.942556
0.328055
0.593328
0.369208
0.226769
0.753458
0.652183
0.593676
0.568621
0.446183
0.298534
0.494329
0.386130
0.558728
0.905203
0.242775
0.608884
0.048254
0.284633
0.419635
0.871375
0.438745
0.285445
0.273571
0.275771
0.195228
0.111298
0.289516
0.299042
0.284990
0.749779
0.325287
0.167942
0.416884
0.392492
0.274819
0.192787
0.779901
0.484505
0.497593
0.622445
0.446464
0.243332
0.439867
0.904124
0.598046
0.404886
-0.037521
0.662635
0.550980
0.504448
0.280174
0.419415
0.608174
0.500659
0.408234
0.359421
0.166858
0.496581
0.347931
0.389713
0.403442
0.403188
0.573828
-0.125739
0.360999
-0.144419
0.478830
0.472888
0.387549
0.354222
0.404828
0.257142
0.465664
0.305237
0.012820
0.380148
0.564049
0.588555
0.508924
0.209829
0.072100
0.302710
-0.062485
0.049738
0.027639
0.272215
0.480681
0.768128
1.198349
1.695353
1.387041
1.603726
1.584137
1.980408
1.335510
0.551898
0.733521
0.239445
0.338013
0.122843
0.231201
0.073536
0.345881
0.161463
0.427423
0.311755
0.690243
0.445878
0.280995
0.712893
0.241629
0.530086
0.473235
0.741797
0.069994
0.363930
0.418485
0.231855
0.226065
-0.099270
0.493326
0.238157
0.345207
0.129491
0.382355
0.598451
0.392604
0.588728
0.513005
0.351668
0.360332
0.553487
0.256716
0.294856
0.541426
0.524531
0.278369
0.593343
0.613511
0.630256
0.268301
0.128008
0.513009
0.419856
0.538474
-0.035126
0.511458
0.369304
0.501540
0.595018
0.578494
0.692042
0.415378
0.539400
0.729768
0.503267
0.327345
0.459767
0.667858
0.265935
0.274599
0.414671
0.698085
0.592687
0.652658
0.469883
0.620525
0.587869
0.875503
0.262291
0.761772
0.775443
0.994769
0.681140
0.642227
0.946775
0.627820
1.037433
0.695414
0.882101
0.686807
0.867158
0.687218
0.537859
0.524767
0.868494
0.286205
0.584869
0.658896
0.515595
0.486314
0.562080
0.398398
0.876322
0.316345
1.098359
0.594097
0.539587
0.241968
0.477234
0.340943
0.199732
0.358678
0.454477
0.639652
0.493478
0.647363
0.652990
0.440476
0.598823
0.751174
0.726066
0.816090
0.720666
0.698864
0.917482
1.015616
0.948066
0.758069
0.458987
0.644279
0.829550
0.429518
0.819318
0.370733
0.640823
0.379728
0.638254
0.458657
0.437924
0.576522
0.596927
0.671825
0.480723
0.870990
0.449824
0.675072
0.307933
0.624195
0.465048
0.256647
0.440097
0.643518
0.288112
0.518633
0.409371
0.404249
0.560497
0.545490
0.144565
0.155260
0.265164
0.153288
-0.134841
0.134065
0.290393
0.634096
1.365997
1.340949
1.628471
1.648678
1.757789
2.435681
2.019366
1.398149
0.858747
0.650306
0.485470
0.423461
0.435119
0.733403
0.533679
0.204966
0.734377
0.397256
0.306558
0.393736
0.306099
0.220476
0.370331
0.572511
0.520647
0.667488
0.460683
0.201577
0.261108
0.610772
0.506183
0.551481
0.624731
0.507552
0.887654
0.245341
0.669408
0.780277
0.439028
0.512948
0.673019
0.608663
0.405998
0.868344
0.668530
0.950985
0.460157
0.482639
0.282587
0.845594
0.679238
0.663424
0.608002
0.394015
0.798452
0.476172
0.631864
0.499606
0.676151
0.505839
0.720458
0.581453
0.796753
0.782933
0.692652
0.838022
0.615471
0.661896
0.942811
0.757806
1.196146
1.059027
0.705530
0.929998
0.827437
1.218856
0.818374
0.849276
0.969521
0.946800
0.787161
0.907271
0.776404
0.707378
1.024303
1.354298
0.758446
0.504069
1.207533
0.723517
1.024994
1.249080
1.145220
1.053330
1.228163
0.926139
0.519535
0.872627
1.146577
0.893024
1.180062
0.718665
0.977614
0.806631
0.896227
0.683386
0.820364
1.343714
0.672076
0.775360
0.975941
0.943896
0.793898
0.672528
0.496645
0.470113
0.704071
0.824032
0.729222
0.868674
0.597799
0.522177
0.564453
0.593184
0.558097
0.738107
0.427742
0.793088
0.915877
0.739331
0.657396
0.953115
0.711340
0.810953
1.099462
0.477609
0.579735
0.755537
0.582987
0.955936
0.659739
0.787669
0.760551
0.953799
0.943031
0.910258
0.691976
0.801484
0.967758
0.920035
0.879093
0.764685
0.770925
0.584570
0.824018
0.672137
0.551285
0.664367
0.572205
0.580784
0.727687
0.855447
0.306826
0.623073
0.407779
0.572553
0.362505
0.454684
0.523495
0.428191
0.931838
0.613651
0.946824
0.653528
0.825216
0.931342
0.945407
1.110062
1.442682
1.659867
1.914893
1.672252
1.984568
1.555576
1.489723
1.167363
0.629426
0.741622
0.441022
0.590124
0.643154
0.570693
0.710173
0.521533
0.851741
0.915743
0.701424
0.450764
0.764709
0.759518
0.375542
0.327694
0.303188
0.642878
0.518909
0.435674
0.681935
0.326964
0.532410
0.349095
0.576948
0.269594
0.735063
0.587895
0.582515
0.501865
0.237424
0.591635
0.847668
0.437518
0.497076
0.752113
0.381469
0.651032
0.601063
0.613247
0.645380
0.633076
0.444902
0.512515
0.484795
0.650499
0.834916
0.546261
0.701542
0.783589
0.434406
0.608036
0.931483
0.505703
0.902216
0.554224
0.242205
0.835535
0.772242
0.706905
0.633839
0.936180
0.784588
0.733313
0.819539
0.570348
0.753107
0.468633
0.615261
0.555048
0.607497
0.843324
0.619728
1.105918
0.729906
0.361671
1.032758
0.674128
0.743999
0.691873
0.727596
0.957485
0.710780
0.962393
0.904622
1.037892
0.551630
0.604707
0.408936
0.837648
0.798029
0.447863
0.584096
0.534966
0.432466
0.426828
0.611670
0.290239
0.383904
0.255598
0.322449
0.353919
0.277804
0.556978
0.368035
0.306257
0.043826
0.445394
0.439161
0.467232
0.374165
0.587044
0.881592
0.487815
0.289127
0.560041
0.369604
0.147616
0.450568
0.637486
0.536805
0.391850
0.558763
0.489108
0.269850
0.038711
0.503519
0.075417
0.537266
0.398780
0.575157
0.434900
0.656845
0.155928
0.728609
0.436605
0.364852
0.683973
0.295069
0.105445
0.497435
0.626356
0.488741
0.124552
0.469534
0.293022
0.531531
0.295450
0.021218
0.259785
0.528355
0.294194
0.065493
0.247899
0.277569
0.018207
0.252190
0.332018
0.317840
0.764725
0.412374
0.871132
1.069033
1.722729
1.476518
1.735422
1.693967
1.286048
0.880040
0.491850
0.568040
0.125380
0.577572
0.144280
0.180731
-0.055198
0.266699
0.305277
0.342933
-0.054719
0.158345
0.364604
0.196099
-0.088202
0.583428
0.341727
0.057731
0.218379
0.107582
0.395602
0.317182
0.380033
0.329779
-0.056724
0.144413
0.248124
0.216274
0.154532
0.275677
0.527607
0.387728
0.328443
0.219728
0.133149
0.424512
0.267086
0.139642
0.114198
0.443366
0.053687
0.156801
-0.033978
0.163097
0.136896
0.422335
0.363338
-0.083079
0.165555
0.215996
0.045240
-0.083623
0.032209
-0.061963
0.091984
0.020267
0.327117
0.376885
0.373544
0.602769
0.761714
0.626901
0.576267
0.375434
0.545101
0.372985
0.216940
0.329213
0.654093
0.251954
0.605260
0.397991
0.112514
0.479866
0.217111
0.390003
0.171535
0.486022
0.204107
0.384466
0.191535
0.320557
0.137441
0.380063
0.600012
0.705159
0.255332
0.878266
0.266249
0.371729
0.174394
0.521733
0.085304
0.456031
0.312383
0.468550
0.421643
-0.025963
0.326019
-0.160695
-0.068059
-0.245203
0.223696
0.110123
0.051963
0.098074
0.230107
-0.001483
0.128475
0.211831
0.517702
-0.068539
0.034328
0.482527
0.242706
0.252521
-0.060233
0.284437
0.236231
0.303268
0.112044
0.313806
0.114904
0.404065
0.331161
0.420462
0.184534
0.211443
0.262785
0.169511
0.323741
0.309065
0.329680
0.206255
-0.168291
-0.175808
0.325855
-0.259308
0.076237
-0.268785
0.301703
0.168992
0.019303
-0.111319
-0.015166
-0.331658
-0.029910
-0.040052
-0.116997
0.037562
-0.205993
0.166798
0.022444
-0.044430
-0.298888
-0.198420
-0.508847
-0.253269
-0.196644
0.093270
0.677122
0.776679
0.881633
1.427039
1.505339
1.413305
0.741755
0.553416
0.455510
0.201311
0.009835
-0.128155
0.071647
0.396292
-0.087853
0.183725
-0.003997
0.152497
-0.384878
-0.042044
0.418862
-0.026872
-0.210261
-0.146059
-0.370284
-0.196795
0.123044
0.041392
-0.053110
0.067756
-0.065758
-0.190299
-0.121963
-0.089337
-0.056598
-0.292974
-0.069809
0.137499
0.002911
-0.278973
0.051977
-0.610032
-0.412230
-0.136286
-0.272402
0.126086
0.081714
0.115447
-0.007641
-0.108813
0.156924
-0.027343
-0.171054
0.093261
0.176009
-0.018158
0.130638
0.063741
0.012658
0.189933
-0.138439
0.071870
0.081735
0.221652
0.063638
0.016589
0.260252
-0.222747
0.256928
-0.007153
-0.212987
-0.112395
-0.059198
0.021727
0.087454
0.128461
0.018427
0.012174
-0.036820
0.073785
-0.037913
0.139854
-0.209356
0.386970
0.332884
-0.035362
0.018295
0.125593
0.051833
0.124280
0.391127
0.065832
-0.020141
0.090631
0.160511
-0.041178
0.055203
-0.106722
-0.115575
0.117019
-0.171991
0.110137
-0.090759
0.091813
0.214667
0.218651
-0.064890
-0.132475
-0.260036
-0.126495
-0.154793
-0.002974
0.185450
-0.301634
0.236214
0.120091
-0.150164
0.274575
0.146009
-0.114109
0.012989
0.469320
0.259132
-0.207829
0.125740
-0.063388
0.278512
0.326147
0.004717
0.077013
0.303589
-0.183380
-0.080134
-0.040439
-0.002692
-0.076697
0.012098
0.023869
-0.340834
-0.452149
-0.029341
-0.070600
-0.111067
-0.318342
-0.405415
-0.134129
-0.725452
-0.199504
0.033781
-0.565918
0.009118
-0.314213
-0.266404
0.068918
-0.206589
-0.363353
-0.159089
-0.534618
-0.050282
0.022129
-0.552973
-0.585103
-0.040336
0.689785
0.960678
0.884694
1.052384
1.448357
0.813366
0.943049
0.360236
0.377340
-0.280346
-0.438293
-0.022267
0.079299
0.244393
-0.092325
-0.266860
-0.311112
-0.105479
-0.025526
-0.192408
-0.329757
-0.123882
0.195089
-0.516754
-0.339428
-0.577288
-0.585310
-0.241483
-0.453218
-0.519752
-0.350213
-0.291118
-0.060023
-0.544835
-0.443765
-0.061938
-0.290364
-0.449689
-0.339815
-0.145603
-0.395125
-0.393988
-0.436141
-0.537556
-0.528473
-0.173521
-0.183623
-0.491652
-0.528920
-0.481102
-0.526507
-0.245960
-0.246987
0.047665
-0.314077
-0.346621
-0.297116
0.084572
-0.071064
-0.354929
-0.093165
-0.112586
-0.089127
-0.289330
-0.527644
-0.605209
-0.084309
-0.391569
-0.316368
-0.409297
0.019130
-0.210198
-0.308033
-0.163558
-0.319223
0.148587
-0.281040
0.058178
0.093342
-0.250081
-0.054839
-0.103199
-0.012823
0.024855
-0.150325
-0.647590
-0.386827
-0.095115
-0.293934
-0.087798
-0.417061
0.257730
-0.074919
-0.255062
-0.481668
-0.146090
0.016458
-0.190993
0.072416
-0.267419
-0.343992
-0.290053
-0.459017
-0.255400
-0.174768
-0.369643
-0.572954
-0.503322
-0.450560
-0.188277
-0.132659
-0.401830
-0.639662
-0.397917
-0.471984
-0.529754
-0.274320
-0.561863
-0.132501
-0.640912
-0.518736
-0.564120
-0.242926
-0.417000
-0.178600
-0.211263
-0.472304
-0.402108
-0.526226
-0.357303
-0.447443
-0.516009
-0.282863
-0.397400
-0.474701
-0.438600
-0.412611
-0.904801
-0.965201
-0.648282
-0.621527
-0.777615
-0.571716
-0.686567
-0.403913
-0.664251
-0.754379
-0.674617
